0.000, 0.007	0.000, -0.720
0.250, 0.046	0.250, -0.701
0.500, 0.163	0.500, -0.654
0.750, 0.272	0.750, -0.599
1.000, 0.347	1.000, -0.536
1.250, 0.414	1.250, -0.455
1.500, 0.489	1.500, -0.351
1.750, 0.561	1.750, -0.232
2.000, 0.608	2.000, -0.113
2.250, 0.626	2.250, -0.000
2.500, 0.629	2.500, 0.112
2.750, 0.621	2.750, 0.224
3.000, 0.596	3.000, 0.330
3.250, 0.557	3.250, 0.429
3.500, 0.510	3.500, 0.523
3.750, 0.456	3.750, 0.610
4.000, 0.393	4.000, 0.687
4.250, 0.327	4.250, 0.753
4.500, 0.266	4.500, 0.813
4.750, 0.211	4.750, 0.863
5.000, 0.155	5.000, 0.899
5.250, 0.099	5.250, 0.925
5.500, 0.056	5.500, 0.944
5.750, 0.029	5.750, 0.957
6.000, 0.010	6.000, 0.963
6.250, 0.021	6.250, 0.956
6.500, 0.077	6.500, 0.933
6.750, 0.144	6.750, 0.897
7.000, 0.193	7.000, 0.853
7.250, 0.226	7.250, 0.801
7.500, 0.265	7.500, 0.732
7.750, 0.313	7.750, 0.651
8.000, 0.351	8.000, 0.568
8.250, 0.372	8.250, 0.486
8.500, 0.386	8.500, 0.401
8.750, 0.402	8.750, 0.312
9.000, 0.420	9.000, 0.221
9.250, 0.445	9.250, 0.125
9.500, 0.477	9.500, 0.023
9.750, 0.506	9.750, -0.081
10.000, 0.518	10.000, -0.177
10.250, 0.515	10.250, -0.265
10.500, 0.508	10.500, -0.348
10.750, 0.495	10.750, -0.425
11.000, 0.468	11.000, -0.489
11.250, 0.427	11.250, -0.540
11.500, 0.385	11.500, -0.584
11.750, 0.343	11.750, -0.623
12.000, 0.285	12.000, -0.647
12.250, 0.194	12.250, -0.648
12.500, 0.046	12.500, -0.623
12.750, 0.150	12.750, -0.580
13.000, 0.297	13.000, -0.528
13.250, 0.377	13.250, -0.463
13.500, 0.442	13.500, -0.375
13.750, 0.505	13.750, -0.269
14.000, 0.554	14.000, -0.159
14.250, 0.587	14.250, -0.048
14.500, 0.615	14.500, 0.072
14.750, 0.635	14.750, 0.197
15.000, 0.633	15.000, 0.317
15.250, 0.610	15.250, 0.428
15.500, 0.575	15.500, 0.535
15.750, 0.529	15.750, 0.637
16.000, 0.472	16.000, 0.730
16.250, 0.412	16.250, 0.815
16.500, 0.357	16.500, 0.896
16.750, 0.302	16.750, 0.965
17.000, 0.231	17.000, 1.015
17.250, 0.144	17.250, 1.047
17.500, 0.064	17.500, 1.068
17.750, 0.009	17.750, 1.081
18.000, 0.020	18.000, 1.084
18.250, 0.035	18.250, 1.078
18.500, 0.050	18.500, 1.066
18.750, 0.070	18.750, 1.048
19.000, 0.091	19.000, 1.026
19.250, 0.122	19.250, 0.993
19.500, 0.178	19.500, 0.942
19.750, 0.246	19.750, 0.875
20.000, 0.298	20.000, 0.802
20.250, 0.327	20.250, 0.726
20.500, 0.348	20.500, 0.643
20.750, 0.374	20.750, 0.553
21.000, 0.404	21.000, 0.457
21.250, 0.441	21.250, 0.354
21.500, 0.488	21.500, 0.238
21.750, 0.532	21.750, 0.119
22.000, 0.554	22.000, 0.007
22.250, 0.554	22.250, -0.093
22.500, 0.545	22.500, -0.187
22.750, 0.532	22.750, -0.276
23.000, 0.515	23.000, -0.357
23.250, 0.499	23.250, -0.433
23.500, 0.492	23.500, -0.510
23.750, 0.477	23.750, -0.579
24.000, 0.429	24.000, -0.624
24.250, 0.341	24.250, -0.639
24.500, 0.233	24.500, -0.639
24.750, 0.119	24.750, -0.633
25.000, 0.015	25.000, -0.618
25.250, 0.156	25.250, -0.587
25.500, 0.281	25.500, -0.532
25.750, 0.376	25.750, -0.455
26.000, 0.435	26.000, -0.371
26.250, 0.474	26.250, -0.284
26.500, 0.509	26.500, -0.188
26.750, 0.543	26.750, -0.082
27.000, 0.564	27.000, 0.025
27.250, 0.578	27.250, 0.135
27.500, 0.591	27.500, 0.252
27.750, 0.591	27.750, 0.369
28.000, 0.556	28.000, 0.468
28.250, 0.485	28.250, 0.547
28.500, 0.394	28.500, 0.612
28.750, 0.300	28.750, 0.669
29.000, 0.215	29.000, 0.715
29.250, 0.154	29.250, 0.755
29.500, 0.127	29.500, 0.794
29.750, 0.115	29.750, 0.825
30.000, 0.089	30.000, 0.842
30.250, 0.036	30.250, 0.847
30.500, 0.022	30.500, 0.846
30.750, 0.052	30.750, 0.844
31.000, 0.050	31.000, 0.839
31.250, 0.039	31.250, 0.830
31.500, 0.058	31.500, 0.809
31.750, 0.113	31.750, 0.775
32.000, 0.172	32.000, 0.734
32.250, 0.222	32.250, 0.683
32.500, 0.273	32.500, 0.614
32.750, 0.325	32.750, 0.533
33.000, 0.363	33.000, 0.450
33.250, 0.384	33.250, 0.368
33.500, 0.400	33.500, 0.281
33.750, 0.417	33.750, 0.192
34.000, 0.432	34.000, 0.103
34.250, 0.445	34.250, 0.014
34.500, 0.460	34.500, -0.077
34.750, 0.472	34.750, -0.166
35.000, 0.472	35.000, -0.248
35.250, 0.464	35.250, -0.323
35.500, 0.461	35.500, -0.399
35.750, 0.449	35.750, -0.468
36.000, 0.401	36.000, -0.512
36.250, 0.313	36.250, -0.528
36.500, 0.218	36.500, -0.535
36.750, 0.135	36.750, -0.543
37.000, 0.059	37.000, -0.547
37.250, 0.028	37.250, -0.538
37.500, 0.135	37.500, -0.508
37.750, 0.238	37.750, -0.459
38.000, 0.308	38.000, -0.402
38.250, 0.359	38.250, -0.335
38.500, 0.423	38.500, -0.245
38.750, 0.491	38.750, -0.138
39.000, 0.537	39.000, -0.030
39.250, 0.560	39.250, 0.075
39.500, 0.572	39.500, 0.185
39.750, 0.574	39.750, 0.296
40.000, 0.557	40.000, 0.401
40.250, 0.522	40.250, 0.498
40.500, 0.479	40.500, 0.590
40.750, 0.428	40.750, 0.676
41.000, 0.369	41.000, 0.751
41.250, 0.307	41.250, 0.816
41.500, 0.251	41.500, 0.874
41.750, 0.201	41.750, 0.924
42.000, 0.149	42.000, 0.960
42.250, 0.097	42.250, 0.984
42.500, 0.055	42.500, 1.004
42.750, 0.030	42.750, 1.017
43.000, 0.011	43.000, 1.023
43.250, 0.021	43.250, 1.016
43.500, 0.079	43.500, 0.992
43.750, 0.147	43.750, 0.955
44.000, 0.192	44.000, 0.912
44.250, 0.212	44.250, 0.865
44.500, 0.225	44.500, 0.810
44.750, 0.247	44.750, 0.747
45.000, 0.274	45.000, 0.680
45.250, 0.305	45.250, 0.606
45.500, 0.342	45.500, 0.523
45.750, 0.380	45.750, 0.432
46.000, 0.412	46.000, 0.339
46.250, 0.440	46.250, 0.242
46.500, 0.471	46.500, 0.139
46.750, 0.498	46.750, 0.034
47.000, 0.508	47.000, -0.063
47.250, 0.501	47.250, -0.150
47.500, 0.487	47.500, -0.230
47.750, 0.471	47.750, -0.306
48.000, 0.448	48.000, -0.373
48.250, 0.424	48.250, -0.434
48.500, 0.407	48.500, -0.494
48.750, 0.385	48.750, -0.547
49.000, 0.335	49.000, -0.580
49.250, 0.252	49.250, -0.591
49.500, 0.149	49.500, -0.587
49.750, 0.033	49.750, -0.578
50.000, 0.091	50.000, -0.560
50.250, 0.196	50.250, -0.527
50.500, 0.287	50.500, -0.469
50.750, 0.368	50.750, -0.391
51.000, 0.426	51.000, -0.308
51.250, 0.468	51.250, -0.220
51.500, 0.510	51.500, -0.119
51.750, 0.545	51.750, -0.010
52.000, 0.556	52.000, 0.093
52.250, 0.541	52.250, 0.186
52.500, 0.509	52.500, 0.273
52.750, 0.468	52.750, 0.356
53.000, 0.424	53.000, 0.435
53.250, 0.384	53.250, 0.512
53.500, 0.354	53.500, 0.588
53.750, 0.322	53.750, 0.657
54.000, 0.267	54.000, 0.709
54.250, 0.187	54.250, 0.742
54.500, 0.103	54.500, 0.767
54.750, 0.035	54.750, 0.782
55.000, 0.015	55.000, 0.786
55.250, 0.041	55.250, 0.783
55.500, 0.041	55.500, 0.780
55.750, 0.023	55.750, 0.778
56.000, 0.001	56.000, 0.777
56.250, 0.001	56.250, 0.772
56.500, 0.049	56.500, 0.751
56.750, 0.128	56.750, 0.717
57.000, 0.193	57.000, 0.675
57.250, 0.226	57.250, 0.628
57.500, 0.245	57.500, 0.573
57.750, 0.266	57.750, 0.510
58.000, 0.291	58.000, 0.442
58.250, 0.323	58.250, 0.368
58.500, 0.365	58.500, 0.282
58.750, 0.407	58.750, 0.190
59.000, 0.431	59.000, 0.102
59.250, 0.434	59.250, 0.021
59.500, 0.427	59.500, -0.056
59.750, 0.419	59.750, -0.130
60.000, 0.409	60.000, -0.200
60.250, 0.406	60.250, -0.271
60.500, 0.415	60.500, -0.345
60.750, 0.415	60.750, -0.413
61.000, 0.374	61.000, -0.457
61.250, 0.289	61.250, -0.472
61.500, 0.194	61.500, -0.477
61.750, 0.110	61.750, -0.485
62.000, 0.034	62.000, -0.488
62.250, 0.047	62.250, -0.478
62.500, 0.143	62.500, -0.447
62.750, 0.237	62.750, -0.398
63.000, 0.303	63.000, -0.341
63.250, 0.355	63.250, -0.272
63.500, 0.422	63.500, -0.180
63.750, 0.491	63.750, -0.072
64.000, 0.533	64.000, 0.034
64.250, 0.543	64.250, 0.133
64.500, 0.537	64.500, 0.232
64.750, 0.521	64.750, 0.330
65.000, 0.489	65.000, 0.420
65.250, 0.442	65.250, 0.501
65.500, 0.388	65.500, 0.575
65.750, 0.332	65.750, 0.642
66.000, 0.279	66.000, 0.703
66.250, 0.239	66.250, 0.759
66.500, 0.213	66.500, 0.812
66.750, 0.193	66.750, 0.860
67.000, 0.162	67.000, 0.896
67.250, 0.117	67.250, 0.923
67.500, 0.073	67.500, 0.944
67.750, 0.038	67.750, 0.958
68.000, 0.009	68.000, 0.964
68.250, 0.029	68.250, 0.956
68.500, 0.087	68.500, 0.932
68.750, 0.151	68.750, 0.895
69.000, 0.193	69.000, 0.852
69.250, 0.212	69.250, 0.805
69.500, 0.229	69.500, 0.749
69.750, 0.254	69.750, 0.685
70.000, 0.278	70.000, 0.619
70.250, 0.295	70.250, 0.552
70.500, 0.309	70.500, 0.483
70.750, 0.325	70.750, 0.409
71.000, 0.348	71.000, 0.330
71.250, 0.384	71.250, 0.242
71.500, 0.434	71.500, 0.141
71.750, 0.480	71.750, 0.035
72.000, 0.502	72.000, -0.063
72.250, 0.501	72.250, -0.151
72.500, 0.493	72.500, -0.234
72.750, 0.479	72.750, -0.312
73.000, 0.450	73.000, -0.376
73.250, 0.407	73.250, -0.426
73.500, 0.363	73.500, -0.470
73.750, 0.319	73.750, -0.508
74.000, 0.259	74.000, -0.531
