0.000, 0.007	0.000, -0.720
0.250, 0.049	0.250, -0.700
0.500, 0.194	0.500, -0.651
0.750, 0.370	0.750, -0.594
1.000, 0.524	1.000, -0.528
1.250, 0.644	1.250, -0.438
1.500, 0.736	1.500, -0.320
1.750, 0.800	1.750, -0.187
2.000, 0.805	2.000, -0.056
2.250, 0.738	2.250, 0.071
2.500, 0.626	2.500, 0.196
2.750, 0.511	2.750, 0.312
3.000, 0.414	3.000, 0.411
3.250, 0.346	3.250, 0.497
3.500, 0.309	3.500, 0.576
3.750, 0.292	3.750, 0.648
4.000, 0.274	4.000, 0.713
4.250, 0.245	4.250, 0.771
4.500, 0.210	4.500, 0.824
4.750, 0.172	4.750, 0.870
5.000, 0.127	5.000, 0.903
5.250, 0.078	5.250, 0.926
5.500, 0.041	5.500, 0.944
5.750, 0.024	5.750, 0.956
6.000, 0.013	6.000, 0.962
6.250, 0.014	6.250, 0.956
6.500, 0.075	6.500, 0.933
6.750, 0.156	6.750, 0.896
7.000, 0.223	7.000, 0.849
7.250, 0.266	7.250, 0.793
7.500, 0.307	7.500, 0.719
7.750, 0.359	7.750, 0.634
8.000, 0.402	8.000, 0.546
8.250, 0.422	8.250, 0.459
8.500, 0.426	8.500, 0.370
8.750, 0.431	8.750, 0.279
9.000, 0.447	9.000, 0.185
9.250, 0.484	9.250, 0.085
9.500, 0.543	9.500, -0.025
9.750, 0.604	9.750, -0.137
10.000, 0.628	10.000, -0.241
10.250, 0.604	10.250, -0.332
10.500, 0.553	10.500, -0.417
10.750, 0.492	10.750, -0.492
11.000, 0.412	11.000, -0.549
11.250, 0.317	11.250, -0.591
11.500, 0.233	11.500, -0.627
11.750, 0.166	11.750, -0.656
12.000, 0.098	12.000, -0.669
12.250, 0.001	12.250, -0.660
12.500, 0.151	12.500, -0.628
12.750, 0.326	12.750, -0.579
13.000, 0.470	13.000, -0.519
13.250, 0.562	13.250, -0.444
13.500, 0.628	13.500, -0.345
13.750, 0.682	13.750, -0.228
14.000, 0.707	14.000, -0.109
14.250, 0.697	14.250, 0.013
14.500, 0.669	14.500, 0.143
14.750, 0.631	14.750, 0.274
15.000, 0.576	15.000, 0.395
15.250, 0.500	15.250, 0.504
15.500, 0.419	15.500, 0.604
15.750, 0.351	15.750, 0.695
16.000, 0.300	16.000, 0.774
16.250, 0.269	16.250, 0.846
16.500, 0.258	16.500, 0.915
16.750, 0.245	16.750, 0.977
17.000, 0.200	17.000, 1.022
17.250, 0.117	17.250, 1.051
17.500, 0.034	17.500, 1.070
17.750, 0.014	17.750, 1.080
18.000, 0.029	18.000, 1.081
18.250, 0.028	18.250, 1.076
18.500, 0.036	18.500, 1.065
18.750, 0.060	18.750, 1.048
19.000, 0.092	19.000, 1.026
19.250, 0.135	19.250, 0.992
19.500, 0.204	19.500, 0.938
19.750, 0.289	19.750, 0.867
20.000, 0.355	20.000, 0.789
20.250, 0.385	20.250, 0.707
20.500, 0.394	20.500, 0.619
20.750, 0.407	20.750, 0.525
21.000, 0.434	21.000, 0.427
21.250, 0.488	21.250, 0.318
21.500, 0.572	21.500, 0.193
21.750, 0.658	21.750, 0.061
22.000, 0.699	22.000, -0.061
22.250, 0.674	22.250, -0.168
22.500, 0.607	22.500, -0.263
22.750, 0.532	22.750, -0.350
23.000, 0.463	23.000, -0.425
23.250, 0.422	23.250, -0.496
23.500, 0.422	23.500, -0.571
23.750, 0.428	23.750, -0.637
24.000, 0.368	24.000, -0.673
24.250, 0.211	24.250, -0.677
24.500, 0.003	24.500, -0.666
24.750, 0.189	24.750, -0.651
25.000, 0.317	25.000, -0.625
25.250, 0.378	25.250, -0.581
25.500, 0.425	25.500, -0.512
25.750, 0.491	25.750, -0.427
26.000, 0.553	26.000, -0.338
26.250, 0.591	26.250, -0.245
26.500, 0.610	26.500, -0.140
26.750, 0.616	26.750, -0.026
27.000, 0.602	27.000, 0.086
27.250, 0.577	27.250, 0.200
27.500, 0.558	27.500, 0.320
27.750, 0.532	27.750, 0.435
28.000, 0.463	28.000, 0.529
28.250, 0.336	28.250, 0.601
28.500, 0.190	28.500, 0.654
28.750, 0.081	28.750, 0.693
29.000, 0.040	29.000, 0.721
29.250, 0.068	29.250, 0.750
29.500, 0.135	29.500, 0.785
29.750, 0.183	29.750, 0.819
30.000, 0.161	30.000, 0.843
30.250, 0.069	30.250, 0.853
30.500, 0.038	30.500, 0.853
30.750, 0.100	30.750, 0.847
31.000, 0.096	31.000, 0.838
31.250, 0.059	31.250, 0.827
31.500, 0.049	31.500, 0.805
31.750, 0.093	31.750, 0.772
32.000, 0.167	32.000, 0.732
32.250, 0.248	32.250, 0.679
32.500, 0.331	32.500, 0.604
32.750, 0.405	32.750, 0.515
33.000, 0.448	33.000, 0.425
33.250, 0.455	33.250, 0.336
33.500, 0.445	33.500, 0.246
33.750, 0.442	33.750, 0.154
34.000, 0.450	34.000, 0.064
34.250, 0.469	34.250, -0.028
34.500, 0.500	34.500, -0.123
34.750, 0.527	34.750, -0.217
35.000, 0.527	35.000, -0.301
35.250, 0.502	35.250, -0.378
35.500, 0.475	35.500, -0.456
35.750, 0.437	35.750, -0.522
36.000, 0.337	36.000, -0.557
36.250, 0.164	36.250, -0.561
36.500, 0.019	36.500, -0.559
36.750, 0.147	36.750, -0.557
37.000, 0.192	37.000, -0.548
37.250, 0.175	37.250, -0.528
37.500, 0.169	37.500, -0.491
37.750, 0.220	37.750, -0.440
38.000, 0.310	38.000, -0.384
38.250, 0.419	38.250, -0.316
38.500, 0.549	38.500, -0.221
38.750, 0.667	38.750, -0.108
39.000, 0.723	39.000, 0.009
39.250, 0.699	39.250, 0.127
39.500, 0.622	39.500, 0.250
39.750, 0.528	39.750, 0.367
40.000, 0.437	40.000, 0.469
40.250, 0.361	40.250, 0.558
40.500, 0.309	40.500, 0.638
40.750, 0.279	40.750, 0.711
41.000, 0.256	41.000, 0.774
41.250, 0.230	41.250, 0.831
41.500, 0.203	41.500, 0.884
41.750, 0.173	41.750, 0.929
42.000, 0.131	42.000, 0.963
42.250, 0.081	42.250, 0.986
42.500, 0.042	42.500, 1.004
42.750, 0.021	42.750, 1.017
43.000, 0.009	43.000, 1.022
43.250, 0.017	43.250, 1.015
43.500, 0.077	43.500, 0.992
43.750, 0.157	43.750, 0.954
44.000, 0.219	44.000, 0.908
44.250, 0.246	44.250, 0.858
44.500, 0.252	44.500, 0.800
44.750, 0.263	44.750, 0.735
45.000, 0.286	45.000, 0.666
45.250, 0.324	45.250, 0.590
45.500, 0.378	45.500, 0.503
45.750, 0.439	45.750, 0.407
46.000, 0.488	46.000, 0.307
46.250, 0.523	46.250, 0.202
46.500, 0.556	46.500, 0.091
46.750, 0.584	46.750, -0.021
47.000, 0.585	47.000, -0.122
47.250, 0.550	47.250, -0.210
47.500, 0.495	47.500, -0.290
47.750, 0.437	47.750, -0.363
48.000, 0.382	48.000, -0.424
48.250, 0.339	48.250, -0.480
48.500, 0.322	48.500, -0.536
48.750, 0.310	48.750, -0.584
49.000, 0.254	49.000, -0.610
49.250, 0.131	49.250, -0.612
49.500, 0.029	49.500, -0.602
49.750, 0.175	49.750, -0.586
50.000, 0.271	50.000, -0.559
50.250, 0.323	50.250, -0.517
50.500, 0.382	50.500, -0.451
50.750, 0.468	50.750, -0.367
51.000, 0.548	51.000, -0.279
51.250, 0.599	51.250, -0.185
51.500, 0.630	51.500, -0.074
51.750, 0.635	51.750, 0.043
52.000, 0.596	52.000, 0.152
52.250, 0.507	52.250, 0.249
52.500, 0.393	52.500, 0.335
52.750, 0.293	52.750, 0.411
53.000, 0.234	53.000, 0.476
53.250, 0.228	53.250, 0.540
53.500, 0.263	53.500, 0.606
53.750, 0.294	53.750, 0.669
54.000, 0.267	54.000, 0.718
54.250, 0.172	54.250, 0.752
54.500, 0.058	54.500, 0.774
54.750, 0.025	54.750, 0.785
55.000, 0.060	55.000, 0.784
55.250, 0.053	55.250, 0.778
55.500, 0.023	55.500, 0.776
55.750, 0.009	55.750, 0.776
56.000, 0.026	56.000, 0.778
56.250, 0.009	56.250, 0.774
56.500, 0.059	56.500, 0.753
56.750, 0.157	56.750, 0.716
57.000, 0.238	57.000, 0.671
57.250, 0.276	57.250, 0.619
57.500, 0.284	57.500, 0.560
57.750, 0.288	57.750, 0.494
58.000, 0.304	58.000, 0.425
58.250, 0.341	58.250, 0.349
58.500, 0.407	58.500, 0.258
58.750, 0.482	58.750, 0.158
59.000, 0.525	59.000, 0.063
59.250, 0.516	59.250, -0.023
59.500, 0.470	59.500, -0.102
59.750, 0.414	59.750, -0.175
60.000, 0.369	60.000, -0.242
60.250, 0.356	60.250, -0.310
60.500, 0.387	60.500, -0.385
60.750, 0.420	60.750, -0.453
61.000, 0.374	61.000, -0.492
61.250, 0.225	61.250, -0.500
61.500, 0.036	61.500, -0.499
61.750, 0.115	61.750, -0.499
62.000, 0.189	62.000, -0.491
62.250, 0.193	62.250, -0.471
62.500, 0.195	62.500, -0.433
62.750, 0.240	62.750, -0.380
63.000, 0.316	63.000, -0.323
63.250, 0.412	63.250, -0.253
63.500, 0.536	63.500, -0.156
63.750, 0.655	63.750, -0.041
64.000, 0.705	64.000, 0.072
64.250, 0.661	64.250, 0.184
64.500, 0.553	64.500, 0.294
64.750, 0.429	64.750, 0.396
65.000, 0.323	65.000, 0.478
65.250, 0.252	65.250, 0.546
65.500, 0.215	65.500, 0.606
65.750, 0.207	65.750, 0.660
66.000, 0.212	66.000, 0.712
66.250, 0.218	66.250, 0.764
66.500, 0.220	66.500, 0.817
66.750, 0.206	66.750, 0.865
67.000, 0.162	67.000, 0.903
67.250, 0.097	67.250, 0.928
67.500, 0.039	67.500, 0.946
67.750, 0.006	67.750, 0.958
68.000, 0.006	68.000, 0.962
68.250, 0.025	68.250, 0.954
68.500, 0.075	68.500, 0.930
68.750, 0.150	68.750, 0.893
69.000, 0.213	69.000, 0.849
69.250, 0.247	69.250, 0.798
69.500, 0.263	69.500, 0.739
69.750, 0.279	69.750, 0.672
70.000, 0.296	70.000, 0.605
70.250, 0.311	70.250, 0.536
70.500, 0.324	70.500, 0.465
70.750, 0.344	70.750, 0.389
71.000, 0.375	71.000, 0.308
71.250, 0.431	71.250, 0.214
71.500, 0.516	71.500, 0.104
71.750, 0.601	71.750, -0.013
72.000, 0.638	72.000, -0.121
72.250, 0.610	72.250, -0.214
72.500, 0.545	72.500, -0.299
72.750, 0.468	72.750, -0.374
73.000, 0.378	73.000, -0.430
73.250, 0.282	73.250, -0.471
73.500, 0.204	73.500, -0.506
73.750, 0.148	73.750, -0.535
74.000, 0.091	74.000, -0.548
