0.000, 0.007	0.000, -0.720
0.250, 0.048	0.250, -0.700
0.500, 0.186	0.500, -0.652
0.750, 0.340	0.750, -0.595
1.000, 0.463	1.000, -0.530
1.250, 0.558	1.250, -0.442
1.500, 0.645	1.500, -0.329
1.750, 0.720	1.750, -0.202
2.000, 0.754	2.000, -0.076
2.250, 0.734	2.250, 0.046
2.500, 0.676	2.500, 0.168
2.750, 0.602	2.750, 0.287
3.000, 0.518	3.000, 0.393
3.250, 0.433	3.250, 0.487
3.500, 0.361	3.500, 0.573
3.750, 0.305	3.750, 0.649
4.000, 0.261	4.000, 0.713
4.250, 0.224	4.250, 0.770
4.500, 0.197	4.500, 0.822
4.750, 0.174	4.750, 0.867
5.000, 0.140	5.000, 0.901
5.250, 0.094	5.250, 0.925
5.500, 0.053	5.500, 0.944
5.750, 0.027	5.750, 0.958
6.000, 0.008	6.000, 0.963
6.250, 0.022	6.250, 0.956
6.500, 0.080	6.500, 0.933
6.750, 0.154	6.750, 0.895
7.000, 0.214	7.000, 0.850
7.250, 0.252	7.250, 0.795
7.500, 0.294	7.500, 0.723
7.750, 0.346	7.750, 0.638
8.000, 0.390	8.000, 0.552
8.250, 0.411	8.250, 0.466
8.500, 0.418	8.500, 0.378
8.750, 0.427	8.750, 0.286
9.000, 0.443	9.000, 0.193
9.250, 0.475	9.250, 0.094
9.500, 0.524	9.500, -0.014
9.750, 0.570	9.750, -0.123
10.000, 0.588	10.000, -0.224
10.250, 0.572	10.250, -0.314
10.500, 0.543	10.500, -0.399
10.750, 0.506	10.750, -0.476
11.000, 0.450	11.000, -0.536
11.250, 0.375	11.250, -0.582
11.500, 0.301	11.500, -0.621
11.750, 0.233	11.750, -0.653
12.000, 0.154	12.000, -0.669
12.250, 0.036	12.250, -0.662
12.500, 0.132	12.500, -0.631
12.750, 0.310	12.750, -0.582
13.000, 0.437	13.000, -0.523
13.250, 0.509	13.250, -0.450
13.500, 0.567	13.500, -0.354
13.750, 0.627	13.750, -0.241
14.000, 0.668	14.000, -0.125
14.250, 0.683	14.250, -0.007
14.500, 0.683	14.500, 0.121
14.750, 0.668	14.750, 0.252
15.000, 0.627	15.000, 0.375
15.250, 0.557	15.250, 0.488
15.500, 0.475	15.500, 0.593
15.750, 0.397	15.750, 0.688
16.000, 0.329	16.000, 0.771
16.250, 0.280	16.250, 0.844
16.500, 0.255	16.500, 0.915
16.750, 0.237	16.750, 0.976
17.000, 0.194	17.000, 1.021
17.250, 0.120	17.250, 1.050
17.500, 0.045	17.500, 1.069
17.750, 0.003	17.750, 1.080
18.000, 0.023	18.000, 1.082
18.250, 0.030	18.250, 1.077
18.500, 0.042	18.500, 1.065
18.750, 0.066	18.750, 1.048
19.000, 0.094	19.000, 1.026
19.250, 0.132	19.250, 0.992
19.500, 0.196	19.500, 0.939
19.750, 0.276	19.750, 0.869
20.000, 0.339	20.000, 0.792
20.250, 0.369	20.250, 0.712
20.500, 0.383	20.500, 0.625
20.750, 0.402	20.750, 0.532
21.000, 0.431	21.000, 0.434
21.250, 0.479	21.250, 0.326
21.500, 0.548	21.500, 0.204
21.750, 0.616	21.750, 0.076
22.000, 0.647	22.000, -0.042
22.250, 0.631	22.250, -0.147
22.500, 0.592	22.500, -0.243
22.750, 0.549	22.750, -0.332
23.000, 0.506	23.000, -0.411
23.250, 0.473	23.250, -0.485
23.500, 0.464	23.500, -0.561
23.750, 0.451	23.750, -0.627
24.000, 0.382	24.000, -0.665
24.250, 0.239	24.250, -0.671
24.500, 0.055	24.500, -0.662
24.750, 0.123	24.750, -0.649
25.000, 0.252	25.000, -0.625
25.250, 0.325	25.250, -0.584
25.500, 0.388	25.500, -0.519
25.750, 0.464	25.750, -0.436
26.000, 0.528	26.000, -0.349
26.250, 0.567	26.250, -0.258
26.500, 0.593	26.500, -0.154
26.750, 0.610	26.750, -0.042
27.000, 0.610	27.000, 0.069
27.250, 0.599	27.250, 0.183
27.500, 0.588	27.500, 0.304
27.750, 0.564	27.750, 0.421
28.000, 0.496	28.000, 0.518
28.250, 0.376	28.250, 0.592
28.500, 0.235	28.500, 0.650
28.750, 0.120	28.750, 0.692
29.000, 0.060	29.000, 0.723
29.250, 0.065	29.250, 0.753
29.500, 0.116	29.500, 0.787
29.750, 0.159	29.750, 0.820
30.000, 0.147	30.000, 0.841
30.250, 0.071	30.250, 0.850
30.500, 0.024	30.500, 0.851
30.750, 0.082	30.750, 0.847
31.000, 0.084	31.000, 0.839
31.250, 0.058	31.250, 0.828
31.500, 0.057	31.500, 0.806
31.750, 0.103	31.750, 0.773
32.000, 0.170	32.000, 0.732
32.250, 0.240	32.250, 0.679
32.500, 0.312	32.500, 0.606
32.750, 0.379	32.750, 0.520
33.000, 0.421	33.000, 0.432
33.250, 0.435	33.250, 0.345
33.500, 0.437	33.500, 0.255
33.750, 0.444	33.750, 0.163
34.000, 0.455	34.000, 0.072
34.250, 0.470	34.250, -0.019
34.500, 0.491	34.500, -0.113
34.750, 0.509	34.750, -0.205
35.000, 0.507	35.000, -0.288
35.250, 0.488	35.250, -0.365
35.500, 0.474	35.500, -0.442
35.750, 0.448	35.750, -0.510
36.000, 0.367	36.000, -0.548
36.250, 0.221	36.250, -0.555
36.500, 0.058	36.500, -0.555
36.750, 0.072	36.750, -0.556
37.000, 0.142	37.000, -0.551
37.250, 0.160	37.250, -0.533
37.500, 0.184	37.500, -0.497
37.750, 0.245	37.750, -0.445
38.000, 0.323	38.000, -0.388
38.250, 0.405	38.250, -0.319
38.500, 0.503	38.500, -0.225
38.750, 0.598	38.750, -0.114
39.000, 0.652	39.000, -0.001
39.250, 0.655	39.250, 0.111
39.500, 0.625	39.500, 0.229
39.750, 0.576	39.750, 0.346
40.000, 0.512	40.000, 0.452
40.250, 0.437	40.250, 0.547
40.500, 0.364	40.500, 0.633
40.750, 0.304	40.750, 0.710
41.000, 0.255	41.000, 0.774
41.250, 0.216	41.250, 0.831
41.500, 0.190	41.500, 0.882
41.750, 0.168	41.750, 0.927
42.000, 0.137	42.000, 0.961
42.250, 0.094	42.250, 0.985
42.500, 0.054	42.500, 1.004
42.750, 0.027	42.750, 1.018
43.000, 0.008	43.000, 1.023
43.250, 0.023	43.250, 1.016
43.500, 0.083	43.500, 0.992
43.750, 0.157	43.750, 0.954
44.000, 0.212	44.000, 0.909
44.250, 0.234	44.250, 0.860
44.500, 0.243	44.500, 0.803
44.750, 0.259	44.750, 0.738
45.000, 0.285	45.000, 0.670
45.250, 0.322	45.250, 0.594
45.500, 0.371	45.500, 0.507
45.750, 0.423	45.750, 0.413
46.000, 0.464	46.000, 0.315
46.250, 0.497	46.250, 0.213
46.500, 0.530	46.500, 0.104
46.750, 0.559	46.750, -0.006
47.000, 0.565	47.000, -0.107
47.250, 0.542	47.250, -0.195
47.500, 0.503	47.500, -0.276
47.750, 0.462	47.750, -0.350
48.000, 0.418	48.000, -0.414
48.250, 0.379	48.250, -0.472
48.500, 0.356	48.500, -0.530
48.750, 0.332	48.750, -0.579
49.000, 0.270	49.000, -0.607
49.250, 0.151	49.250, -0.610
49.500, 0.001	49.500, -0.600
49.750, 0.141	49.750, -0.585
50.000, 0.237	50.000, -0.561
50.250, 0.292	50.250, -0.520
50.500, 0.355	50.500, -0.456
50.750, 0.439	50.750, -0.374
51.000, 0.513	51.000, -0.287
51.250, 0.562	51.250, -0.195
51.500, 0.599	51.500, -0.087
51.750, 0.620	51.750, 0.028
52.000, 0.603	52.000, 0.135
52.250, 0.541	52.250, 0.232
52.500, 0.453	52.500, 0.321
52.750, 0.363	52.750, 0.401
53.000, 0.293	53.000, 0.472
53.250, 0.259	53.250, 0.540
53.500, 0.261	53.500, 0.607
53.750, 0.270	53.750, 0.670
54.000, 0.241	54.000, 0.717
54.250, 0.163	54.250, 0.749
54.500, 0.069	54.500, 0.771
54.750, 0.001	54.750, 0.783
55.000, 0.038	55.000, 0.784
55.250, 0.044	55.250, 0.780
55.500, 0.029	55.500, 0.778
55.750, 0.004	55.750, 0.777
56.000, 0.014	56.000, 0.778
56.250, 0.003	56.250, 0.773
56.500, 0.056	56.500, 0.752
56.750, 0.146	56.750, 0.716
57.000, 0.223	57.000, 0.672
57.250, 0.261	57.250, 0.622
57.500, 0.274	57.500, 0.563
57.750, 0.286	57.750, 0.498
58.000, 0.305	58.000, 0.429
58.250, 0.341	58.250, 0.353
58.500, 0.398	58.500, 0.263
58.750, 0.459	58.750, 0.166
59.000, 0.493	59.000, 0.073
59.250, 0.488	59.250, -0.011
59.500, 0.458	59.500, -0.090
59.750, 0.425	59.750, -0.164
60.000, 0.396	60.000, -0.233
60.250, 0.387	60.250, -0.302
60.500, 0.406	60.500, -0.378
60.750, 0.419	60.750, -0.446
61.000, 0.366	61.000, -0.486
61.250, 0.233	61.250, -0.494
61.500, 0.072	61.500, -0.495
61.750, 0.061	61.750, -0.496
62.000, 0.137	62.000, -0.491
62.250, 0.160	62.250, -0.473
62.500, 0.186	62.500, -0.437
62.750, 0.247	62.750, -0.385
63.000, 0.321	63.000, -0.327
63.250, 0.402	63.250, -0.257
63.500, 0.502	63.500, -0.161
63.750, 0.598	63.750, -0.048
64.000, 0.644	64.000, 0.063
64.250, 0.626	64.250, 0.169
64.500, 0.566	64.500, 0.275
64.750, 0.489	64.750, 0.377
65.000, 0.407	65.000, 0.465
65.250, 0.327	65.250, 0.540
65.500, 0.261	65.500, 0.605
65.750, 0.216	65.750, 0.663
66.000, 0.193	66.000, 0.714
66.250, 0.190	66.250, 0.764
66.500, 0.200	66.500, 0.815
66.750, 0.201	66.750, 0.862
67.000, 0.173	67.000, 0.900
67.250, 0.116	67.250, 0.927
67.500, 0.056	67.500, 0.947
67.750, 0.014	67.750, 0.959
68.000, 0.009	68.000, 0.963
68.250, 0.034	68.250, 0.955
68.500, 0.084	68.500, 0.930
68.750, 0.151	68.750, 0.893
69.000, 0.205	69.000, 0.849
69.250, 0.233	69.250, 0.800
69.500, 0.251	69.500, 0.741
69.750, 0.272	69.750, 0.676
70.000, 0.294	70.000, 0.608
70.250, 0.311	70.250, 0.540
70.500, 0.324	70.500, 0.469
70.750, 0.341	70.750, 0.394
71.000, 0.368	71.000, 0.313
71.250, 0.417	71.250, 0.220
71.500, 0.489	71.500, 0.113
71.750, 0.560	71.750, -0.000
72.000, 0.590	72.000, -0.104
72.250, 0.573	72.250, -0.196
72.500, 0.535	72.500, -0.281
72.750, 0.489	72.750, -0.359
73.000, 0.425	73.000, -0.419
73.250, 0.347	73.250, -0.463
73.500, 0.273	73.500, -0.502
73.750, 0.208	73.750, -0.534
74.000, 0.133	74.000, -0.549
