0.000, 0.007	0.000, -0.720
0.250, 0.048	0.250, -0.700
0.500, 0.181	0.500, -0.653
0.750, 0.323	0.750, -0.596
1.000, 0.430	1.000, -0.531
1.250, 0.516	1.250, -0.445
1.500, 0.600	1.500, -0.335
1.750, 0.677	1.750, -0.210
2.000, 0.719	2.000, -0.086
2.250, 0.714	2.250, 0.033
2.500, 0.679	2.500, 0.152
2.750, 0.627	2.750, 0.270
3.000, 0.559	3.000, 0.378
3.250, 0.482	3.250, 0.476
3.500, 0.407	3.500, 0.565
3.750, 0.340	3.750, 0.645
4.000, 0.280	4.000, 0.712
4.250, 0.230	4.250, 0.770
4.500, 0.194	4.500, 0.822
4.750, 0.169	4.750, 0.867
5.000, 0.137	5.000, 0.900
5.250, 0.096	5.250, 0.924
5.500, 0.058	5.500, 0.944
5.750, 0.032	5.750, 0.957
6.000, 0.011	6.000, 0.963
6.250, 0.022	6.250, 0.956
6.500, 0.082	6.500, 0.933
6.750, 0.155	6.750, 0.896
7.000, 0.210	7.000, 0.851
7.250, 0.246	7.250, 0.796
7.500, 0.286	7.500, 0.725
7.750, 0.338	7.750, 0.641
8.000, 0.381	8.000, 0.555
8.250, 0.402	8.250, 0.470
8.500, 0.412	8.500, 0.383
8.750, 0.422	8.750, 0.292
9.000, 0.440	9.000, 0.199
9.250, 0.470	9.250, 0.101
9.500, 0.513	9.500, -0.006
9.750, 0.553	9.750, -0.114
10.000, 0.569	10.000, -0.213
10.250, 0.557	10.250, -0.303
10.500, 0.535	10.500, -0.387
10.750, 0.508	10.750, -0.465
11.000, 0.461	11.000, -0.527
11.250, 0.396	11.250, -0.574
11.500, 0.331	11.500, -0.614
11.750, 0.269	11.750, -0.648
12.000, 0.191	12.000, -0.666
12.250, 0.074	12.250, -0.661
12.500, 0.102	12.500, -0.631
12.750, 0.284	12.750, -0.583
13.000, 0.409	13.000, -0.526
13.250, 0.478	13.250, -0.454
13.500, 0.537	13.500, -0.360
13.750, 0.599	13.750, -0.249
14.000, 0.644	14.000, -0.134
14.250, 0.666	14.250, -0.018
14.500, 0.676	14.500, 0.108
14.750, 0.673	14.750, 0.238
15.000, 0.643	15.000, 0.361
15.250, 0.584	15.250, 0.474
15.500, 0.511	15.500, 0.582
15.750, 0.435	15.750, 0.680
16.000, 0.363	16.000, 0.766
16.250, 0.303	16.250, 0.842
16.500, 0.265	16.500, 0.914
16.750, 0.237	16.750, 0.976
17.000, 0.190	17.000, 1.020
17.250, 0.118	17.250, 1.049
17.500, 0.048	17.500, 1.068
17.750, 0.002	17.750, 1.080
18.000, 0.018	18.000, 1.082
18.250, 0.028	18.250, 1.077
18.500, 0.043	18.500, 1.066
18.750, 0.068	18.750, 1.048
19.000, 0.096	19.000, 1.026
19.250, 0.132	19.250, 0.992
19.500, 0.192	19.500, 0.939
19.750, 0.269	19.750, 0.870
20.000, 0.328	20.000, 0.795
20.250, 0.359	20.250, 0.716
20.500, 0.375	20.500, 0.629
20.750, 0.397	20.750, 0.536
21.000, 0.427	21.000, 0.439
21.250, 0.471	21.250, 0.332
21.500, 0.534	21.500, 0.211
21.750, 0.593	21.750, 0.086
22.000, 0.621	22.000, -0.031
22.250, 0.610	22.250, -0.134
22.500, 0.582	22.500, -0.230
22.750, 0.550	22.750, -0.319
23.000, 0.516	23.000, -0.399
23.250, 0.489	23.250, -0.475
23.500, 0.479	23.500, -0.551
23.750, 0.463	23.750, -0.619
24.000, 0.397	24.000, -0.658
24.250, 0.266	24.250, -0.666
24.500, 0.101	24.500, -0.659
24.750, 0.070	24.750, -0.647
25.000, 0.206	25.000, -0.625
25.250, 0.293	25.250, -0.586
25.500, 0.367	25.500, -0.523
25.750, 0.446	25.750, -0.441
26.000, 0.509	26.000, -0.355
26.250, 0.547	26.250, -0.265
26.500, 0.577	26.500, -0.163
26.750, 0.600	26.750, -0.052
27.000, 0.607	27.000, 0.058
27.250, 0.603	27.250, 0.172
27.500, 0.599	27.500, 0.292
27.750, 0.580	27.750, 0.410
28.000, 0.518	28.000, 0.508
28.250, 0.406	28.250, 0.584
28.500, 0.273	28.500, 0.644
28.750, 0.157	28.750, 0.690
29.000, 0.084	29.000, 0.724
29.250, 0.070	29.250, 0.755
29.500, 0.105	29.500, 0.789
29.750, 0.142	29.750, 0.820
30.000, 0.133	30.000, 0.841
30.250, 0.068	30.250, 0.849
30.500, 0.016	30.500, 0.850
30.750, 0.070	30.750, 0.846
31.000, 0.076	31.000, 0.840
31.250, 0.056	31.250, 0.829
31.500, 0.061	31.500, 0.807
31.750, 0.108	31.750, 0.773
32.000, 0.172	32.000, 0.732
32.250, 0.235	32.250, 0.680
32.500, 0.301	32.500, 0.608
32.750, 0.364	32.750, 0.523
33.000, 0.406	33.000, 0.436
33.250, 0.422	33.250, 0.350
33.500, 0.430	33.500, 0.261
33.750, 0.441	33.750, 0.169
34.000, 0.453	34.000, 0.079
34.250, 0.466	34.250, -0.012
34.500, 0.485	34.500, -0.105
34.750, 0.500	34.750, -0.197
35.000, 0.498	35.000, -0.280
35.250, 0.482	35.250, -0.356
35.500, 0.472	35.500, -0.433
35.750, 0.451	35.750, -0.501
36.000, 0.380	36.000, -0.541
36.250, 0.249	36.250, -0.550
36.500, 0.103	36.500, -0.552
36.750, 0.021	36.750, -0.555
37.000, 0.102	37.000, -0.551
37.250, 0.142	37.250, -0.535
37.500, 0.184	37.500, -0.500
37.750, 0.253	37.750, -0.449
38.000, 0.325	38.000, -0.391
38.250, 0.395	38.250, -0.322
38.500, 0.481	38.500, -0.229
38.750, 0.567	38.750, -0.119
39.000, 0.620	39.000, -0.008
39.250, 0.631	39.250, 0.103
39.500, 0.617	39.500, 0.218
39.750, 0.587	39.750, 0.334
40.000, 0.537	40.000, 0.441
40.250, 0.470	40.250, 0.537
40.500, 0.400	40.500, 0.626
40.750, 0.334	40.750, 0.705
41.000, 0.275	41.000, 0.773
41.250, 0.225	41.250, 0.830
41.500, 0.190	41.500, 0.882
41.750, 0.165	41.750, 0.927
42.000, 0.134	42.000, 0.960
42.250, 0.094	42.250, 0.984
42.500, 0.057	42.500, 1.004
42.750, 0.031	42.750, 1.017
43.000, 0.011	43.000, 1.023
43.250, 0.023	43.250, 1.016
43.500, 0.084	43.500, 0.992
43.750, 0.156	43.750, 0.954
44.000, 0.209	44.000, 0.910
44.250, 0.229	44.250, 0.861
44.500, 0.239	44.500, 0.804
44.750, 0.256	44.750, 0.740
45.000, 0.283	45.000, 0.672
45.250, 0.319	45.250, 0.596
45.500, 0.364	45.500, 0.511
45.750, 0.412	45.750, 0.417
46.000, 0.451	46.000, 0.320
46.250, 0.482	46.250, 0.219
46.500, 0.515	46.500, 0.112
46.750, 0.545	46.750, 0.003
47.000, 0.552	47.000, -0.097
47.250, 0.534	47.250, -0.185
47.500, 0.503	47.500, -0.266
47.750, 0.470	47.750, -0.341
48.000, 0.432	48.000, -0.406
48.250, 0.397	48.250, -0.465
48.500, 0.374	48.500, -0.523
48.750, 0.348	48.750, -0.574
49.000, 0.286	49.000, -0.603
49.250, 0.174	49.250, -0.607
49.500, 0.031	49.500, -0.599
49.750, 0.111	49.750, -0.585
50.000, 0.212	50.000, -0.561
50.250, 0.275	50.250, -0.522
50.500, 0.341	50.500, -0.460
50.750, 0.424	50.750, -0.378
51.000, 0.493	51.000, -0.292
51.250, 0.539	51.250, -0.201
51.500, 0.579	51.500, -0.095
51.750, 0.605	51.750, 0.018
52.000, 0.598	52.000, 0.125
52.250, 0.551	52.250, 0.221
52.500, 0.479	52.500, 0.310
52.750, 0.400	52.750, 0.393
53.000, 0.332	53.000, 0.466
53.250, 0.289	53.250, 0.537
53.500, 0.276	53.500, 0.606
53.750, 0.269	53.750, 0.670
54.000, 0.233	54.000, 0.717
54.250, 0.157	54.250, 0.748
54.500, 0.072	54.500, 0.770
54.750, 0.007	54.750, 0.783
55.000, 0.030	55.000, 0.784
55.250, 0.040	55.250, 0.781
55.500, 0.029	55.500, 0.778
55.750, 0.009	55.750, 0.778
56.000, 0.009	56.000, 0.778
56.250, 0.000	56.250, 0.773
56.500, 0.055	56.500, 0.752
56.750, 0.142	56.750, 0.716
57.000, 0.215	57.000, 0.673
57.250, 0.252	57.250, 0.623
57.500, 0.267	57.500, 0.566
57.750, 0.282	57.750, 0.501
58.000, 0.303	58.000, 0.432
58.250, 0.338	58.250, 0.356
58.500, 0.391	58.500, 0.267
58.750, 0.446	58.750, 0.171
59.000, 0.476	59.000, 0.080
59.250, 0.473	59.250, -0.004
59.500, 0.451	59.500, -0.082
59.750, 0.427	59.750, -0.157
60.000, 0.405	60.000, -0.226
60.250, 0.397	60.250, -0.296
60.500, 0.412	60.500, -0.372
60.750, 0.419	60.750, -0.440
61.000, 0.367	61.000, -0.480
61.250, 0.245	61.250, -0.490
61.500, 0.102	61.500, -0.492
61.750, 0.023	61.750, -0.495
62.000, 0.103	62.000, -0.491
62.250, 0.141	62.250, -0.475
62.500, 0.182	62.500, -0.440
62.750, 0.249	62.750, -0.388
63.000, 0.321	63.000, -0.330
63.250, 0.392	63.250, -0.260
63.500, 0.481	63.500, -0.165
63.750, 0.568	63.750, -0.053
64.000, 0.613	64.000, 0.056
64.250, 0.606	64.250, 0.160
64.500, 0.565	64.500, 0.264
64.750, 0.509	64.750, 0.366
65.000, 0.441	65.000, 0.456
65.250, 0.366	65.250, 0.533
65.500, 0.295	65.500, 0.601
65.750, 0.238	65.750, 0.661
66.000, 0.201	66.000, 0.714
66.250, 0.187	66.250, 0.765
66.500, 0.192	66.500, 0.815
66.750, 0.193	66.750, 0.862
67.000, 0.170	67.000, 0.898
67.250, 0.119	67.250, 0.925
67.500, 0.064	67.500, 0.946
67.750, 0.022	67.750, 0.959
68.000, 0.005	68.000, 0.963
68.250, 0.035	68.250, 0.955
68.500, 0.087	68.500, 0.931
68.750, 0.153	68.750, 0.893
69.000, 0.203	69.000, 0.850
69.250, 0.228	69.250, 0.801
69.500, 0.245	69.500, 0.743
69.750, 0.267	69.750, 0.678
70.000, 0.291	70.000, 0.611
70.250, 0.308	70.250, 0.543
70.500, 0.322	70.500, 0.472
70.750, 0.338	70.750, 0.397
71.000, 0.364	71.000, 0.316
71.250, 0.409	71.250, 0.225
71.500, 0.475	71.500, 0.119
71.750, 0.538	71.750, 0.008
72.000, 0.565	72.000, -0.095
72.250, 0.554	72.250, -0.185
72.500, 0.526	72.500, -0.270
72.750, 0.492	72.750, -0.348
73.000, 0.440	73.000, -0.410
73.250, 0.371	73.250, -0.456
73.500, 0.305	73.500, -0.497
73.750, 0.243	73.750, -0.530
74.000, 0.167	74.000, -0.547
