0.000, 0.007	0.000, -0.720
0.250, 0.047	0.250, -0.700
0.500, 0.169	0.500, -0.654
0.750, 0.288	0.750, -0.598
1.000, 0.372	1.000, -0.535
1.250, 0.444	1.250, -0.452
1.500, 0.522	1.500, -0.346
1.750, 0.597	1.750, -0.225
2.000, 0.643	2.000, -0.105
2.250, 0.657	2.250, 0.010
2.500, 0.651	2.500, 0.124
2.750, 0.633	2.750, 0.238
3.000, 0.596	3.000, 0.346
3.250, 0.545	3.250, 0.445
3.500, 0.486	3.500, 0.539
3.750, 0.423	3.750, 0.624
4.000, 0.355	4.000, 0.698
4.250, 0.288	4.250, 0.762
4.500, 0.231	4.500, 0.819
4.750, 0.185	4.750, 0.866
5.000, 0.139	5.000, 0.900
5.250, 0.091	5.250, 0.924
5.500, 0.055	5.500, 0.943
5.750, 0.032	5.750, 0.957
6.000, 0.014	6.000, 0.962
6.250, 0.018	6.250, 0.956
6.500, 0.078	6.500, 0.933
6.750, 0.149	6.750, 0.897
7.000, 0.201	7.000, 0.852
7.250, 0.234	7.250, 0.799
7.500, 0.272	7.500, 0.729
7.750, 0.321	7.750, 0.647
8.000, 0.361	8.000, 0.564
8.250, 0.382	8.250, 0.480
8.500, 0.395	8.500, 0.394
8.750, 0.409	8.750, 0.305
9.000, 0.428	9.000, 0.213
9.250, 0.454	9.250, 0.116
9.500, 0.489	9.500, 0.012
9.750, 0.521	9.750, -0.093
10.000, 0.534	10.000, -0.190
10.250, 0.528	10.250, -0.278
10.500, 0.518	10.500, -0.362
10.750, 0.502	10.750, -0.439
11.000, 0.469	11.000, -0.503
11.250, 0.421	11.250, -0.552
11.500, 0.373	11.500, -0.596
11.750, 0.324	11.750, -0.633
12.000, 0.259	12.000, -0.655
12.250, 0.158	12.250, -0.654
12.500, 0.008	12.500, -0.627
12.750, 0.201	12.750, -0.582
13.000, 0.338	13.000, -0.529
13.250, 0.412	13.250, -0.461
13.500, 0.474	13.500, -0.371
13.750, 0.537	13.750, -0.263
14.000, 0.585	14.000, -0.152
14.250, 0.616	14.250, -0.039
14.500, 0.641	14.500, 0.083
14.750, 0.654	14.750, 0.210
15.000, 0.645	15.000, 0.331
15.250, 0.612	15.250, 0.443
15.500, 0.564	15.500, 0.551
15.750, 0.506	15.750, 0.653
16.000, 0.441	16.000, 0.745
16.250, 0.376	16.250, 0.828
16.500, 0.321	16.500, 0.905
16.750, 0.271	16.750, 0.971
17.000, 0.206	17.000, 1.019
17.250, 0.125	17.250, 1.048
17.500, 0.052	17.500, 1.068
17.750, 0.005	17.750, 1.080
18.000, 0.017	18.000, 1.083
18.250, 0.029	18.250, 1.078
18.500, 0.044	18.500, 1.066
18.750, 0.068	18.750, 1.048
19.000, 0.094	19.000, 1.026
19.250, 0.127	19.250, 0.993
19.500, 0.184	19.500, 0.941
19.750, 0.254	19.750, 0.873
20.000, 0.308	20.000, 0.800
20.250, 0.337	20.250, 0.723
20.500, 0.357	20.500, 0.638
20.750, 0.382	20.750, 0.547
21.000, 0.413	21.000, 0.451
21.250, 0.452	21.250, 0.346
21.500, 0.504	21.500, 0.229
21.750, 0.551	21.750, 0.108
22.000, 0.575	22.000, -0.006
22.250, 0.572	22.250, -0.107
22.500, 0.558	22.500, -0.202
22.750, 0.541	22.750, -0.291
23.000, 0.519	23.000, -0.372
23.250, 0.500	23.250, -0.448
23.500, 0.491	23.500, -0.525
23.750, 0.476	23.750, -0.594
24.000, 0.421	24.000, -0.637
24.250, 0.320	24.250, -0.650
24.500, 0.195	24.500, -0.647
24.750, 0.061	24.750, -0.639
25.000, 0.084	25.000, -0.622
25.250, 0.210	25.250, -0.589
25.500, 0.315	25.500, -0.530
25.750, 0.402	25.750, -0.451
26.000, 0.462	26.000, -0.366
26.250, 0.500	26.250, -0.278
26.500, 0.534	26.500, -0.180
26.750, 0.565	26.750, -0.073
27.000, 0.583	27.000, 0.036
27.250, 0.592	27.250, 0.147
27.500, 0.600	27.500, 0.266
27.750, 0.594	27.750, 0.383
28.000, 0.550	28.000, 0.482
28.250, 0.465	28.250, 0.561
28.500, 0.359	28.500, 0.625
28.750, 0.253	28.750, 0.679
29.000, 0.165	29.000, 0.721
29.250, 0.115	29.250, 0.757
29.500, 0.106	29.500, 0.793
29.750, 0.114	29.750, 0.823
30.000, 0.099	30.000, 0.841
30.250, 0.048	30.250, 0.847
30.500, 0.015	30.500, 0.847
30.750, 0.054	30.750, 0.845
31.000, 0.056	31.000, 0.840
31.250, 0.045	31.250, 0.830
31.500, 0.061	31.500, 0.809
31.750, 0.114	31.750, 0.774
32.000, 0.174	32.000, 0.733
32.250, 0.227	32.250, 0.682
32.500, 0.282	32.500, 0.612
32.750, 0.337	32.750, 0.530
33.000, 0.376	33.000, 0.446
33.250, 0.396	33.250, 0.362
33.500, 0.411	33.500, 0.274
33.750, 0.426	33.750, 0.184
34.000, 0.441	34.000, 0.094
34.250, 0.453	34.250, 0.005
34.500, 0.469	34.500, -0.087
34.750, 0.482	34.750, -0.177
35.000, 0.481	35.000, -0.259
35.250, 0.471	35.250, -0.335
35.500, 0.466	35.500, -0.412
35.750, 0.452	35.750, -0.480
36.000, 0.397	36.000, -0.523
36.250, 0.296	36.250, -0.536
36.500, 0.186	36.500, -0.542
36.750, 0.089	36.750, -0.548
37.000, 0.003	37.000, -0.550
37.250, 0.076	37.250, -0.539
37.500, 0.162	37.500, -0.506
37.750, 0.251	37.750, -0.456
38.000, 0.318	38.000, -0.399
38.250, 0.373	38.250, -0.330
38.500, 0.442	38.500, -0.239
38.750, 0.514	38.750, -0.132
39.000, 0.563	39.000, -0.023
39.250, 0.583	39.250, 0.084
39.500, 0.589	39.500, 0.196
39.750, 0.583	39.750, 0.309
40.000, 0.558	40.000, 0.415
40.250, 0.513	40.250, 0.512
40.500, 0.460	40.500, 0.604
40.750, 0.401	40.750, 0.688
41.000, 0.338	41.000, 0.761
41.250, 0.275	41.250, 0.823
41.500, 0.222	41.500, 0.879
41.750, 0.179	41.750, 0.926
42.000, 0.136	42.000, 0.960
42.250, 0.090	42.250, 0.984
42.500, 0.054	42.500, 1.003
42.750, 0.032	42.750, 1.017
43.000, 0.014	43.000, 1.023
43.250, 0.019	43.250, 1.016
43.500, 0.080	43.500, 0.992
43.750, 0.151	43.750, 0.955
44.000, 0.199	44.000, 0.911
44.250, 0.219	44.250, 0.864
44.500, 0.230	44.500, 0.808
44.750, 0.250	44.750, 0.745
45.000, 0.278	45.000, 0.677
45.250, 0.310	45.250, 0.602
45.500, 0.350	45.500, 0.518
45.750, 0.391	45.750, 0.427
46.000, 0.425	46.000, 0.332
46.250, 0.454	46.250, 0.234
46.500, 0.486	46.500, 0.129
46.750, 0.513	46.750, 0.023
47.000, 0.523	47.000, -0.074
47.250, 0.513	47.250, -0.162
47.500, 0.494	47.500, -0.243
47.750, 0.474	47.750, -0.319
48.000, 0.447	48.000, -0.385
48.250, 0.419	48.250, -0.446
48.500, 0.400	48.500, -0.505
48.750, 0.376	48.750, -0.558
49.000, 0.321	49.000, -0.589
49.250, 0.228	49.250, -0.598
49.500, 0.111	49.500, -0.592
49.750, 0.021	49.750, -0.581
50.000, 0.140	50.000, -0.561
50.250, 0.228	50.250, -0.526
50.500, 0.308	50.500, -0.466
50.750, 0.388	50.750, -0.387
51.000, 0.449	51.000, -0.303
51.250, 0.492	51.250, -0.214
51.500, 0.533	51.500, -0.111
51.750, 0.567	51.750, -0.001
52.000, 0.574	52.000, 0.103
52.250, 0.550	52.250, 0.197
52.500, 0.507	52.500, 0.285
52.750, 0.455	52.750, 0.369
53.000, 0.401	53.000, 0.447
53.250, 0.356	53.250, 0.522
53.500, 0.327	53.500, 0.597
53.750, 0.299	53.750, 0.664
54.000, 0.247	54.000, 0.713
54.250, 0.168	54.250, 0.745
54.500, 0.085	54.500, 0.768
54.750, 0.021	54.750, 0.782
55.000, 0.021	55.000, 0.785
55.250, 0.039	55.250, 0.782
55.500, 0.034	55.500, 0.779
55.750, 0.016	55.750, 0.778
56.000, 0.003	56.000, 0.778
56.250, 0.001	56.250, 0.772
56.500, 0.052	56.500, 0.752
56.750, 0.134	56.750, 0.716
57.000, 0.201	57.000, 0.674
57.250, 0.235	57.250, 0.627
57.500, 0.252	57.500, 0.570
57.750, 0.272	57.750, 0.507
58.000, 0.296	58.000, 0.439
58.250, 0.329	58.250, 0.363
58.500, 0.374	58.500, 0.276
58.750, 0.420	58.750, 0.183
59.000, 0.445	59.000, 0.094
59.250, 0.446	59.250, 0.012
59.500, 0.436	59.500, -0.065
59.750, 0.424	59.750, -0.140
60.000, 0.411	60.000, -0.210
60.250, 0.406	60.250, -0.280
60.500, 0.416	60.500, -0.355
60.750, 0.417	60.750, -0.423
61.000, 0.372	61.000, -0.466
61.250, 0.276	61.250, -0.479
61.500, 0.166	61.500, -0.483
61.750, 0.068	61.750, -0.489
62.000, 0.015	62.000, -0.490
62.250, 0.086	62.250, -0.478
62.500, 0.163	62.500, -0.445
62.750, 0.246	62.750, -0.395
63.000, 0.311	63.000, -0.337
63.250, 0.368	63.250, -0.268
63.500, 0.441	63.500, -0.175
63.750, 0.515	63.750, -0.065
64.000, 0.558	64.000, 0.042
64.250, 0.564	64.250, 0.142
64.500, 0.550	64.500, 0.243
64.750, 0.524	64.750, 0.342
65.000, 0.481	65.000, 0.433
65.250, 0.425	65.250, 0.513
65.500, 0.362	65.500, 0.586
65.750, 0.301	65.750, 0.651
66.000, 0.249	66.000, 0.709
66.250, 0.214	66.250, 0.763
66.500, 0.197	66.500, 0.815
66.750, 0.186	66.750, 0.861
67.000, 0.161	67.000, 0.897
67.250, 0.117	67.250, 0.923
67.500, 0.071	67.500, 0.944
67.750, 0.035	67.750, 0.959
68.000, 0.006	68.000, 0.964
68.250, 0.031	68.250, 0.956
68.500, 0.088	68.500, 0.932
68.750, 0.153	68.750, 0.894
69.000, 0.197	69.000, 0.851
69.250, 0.218	69.250, 0.803
69.500, 0.234	69.500, 0.747
69.750, 0.258	69.750, 0.682
70.000, 0.282	70.000, 0.616
70.250, 0.300	70.250, 0.549
70.500, 0.314	70.500, 0.479
70.750, 0.330	70.750, 0.405
71.000, 0.354	71.000, 0.325
71.250, 0.393	71.250, 0.236
71.500, 0.447	71.500, 0.133
71.750, 0.498	71.750, 0.026
72.000, 0.521	72.000, -0.074
72.250, 0.518	72.250, -0.163
72.500, 0.504	72.500, -0.247
72.750, 0.486	72.750, -0.325
73.000, 0.451	73.000, -0.388
73.250, 0.400	73.250, -0.437
73.500, 0.350	73.500, -0.481
73.750, 0.300	73.750, -0.517
74.000, 0.233	74.000, -0.538
